-99
806
713
-99
-99
-99
-99
-99
-99
803
-99
337
-99
853
-99
-99
-99
-99
-99
687
602
-99
-99
-99
-99
-99
-99
600
-99
1052
-99
-99
-99
-99
850
1166
-99
467
801
231
831
232
-99
72
-99
-99
-99
932
439
100
365
587
-99
381
435
697
506
-99
764
1139
-99
864
-99
1122
-99
1168
643
-99
766
-99
115
365
344
217
-99
-99
621
-99
-99
-99
-99
-99
-99
275
-99
245
905
1105
466
-99
519
695
597
-99
-99
460
1132
309
-99
-99
656
-99
458
758
-99
-99
-99
668
25
881
1103
-99
379
523
884
-99
-99
331
-99
-99
-99
413
-99
587
593
-99
-99
-99
953
285
827
863
-99
498
499
-99
967
262
469
-99
316
1072
-99
-99
-99
265
651
-99
-99
-99
807
-99
651
-99
-99
364
1146
-99
-99
-99
-99
-99
-99
378
510
273
-99
-99
-99
-99
617
-99
-99
685
675
732
-99
377
-99
731
630
-99
-99
160
-99
-99
-99
510
490
627
562
-99
-99
972
600
999
375
621
-99
1135
1155
600
-99
624
-99
852
-99
-99
596
457
-99
-99
477
575
-99
-99
835
1111
-99
-99
144
-99
-99
573
-99
-99
-99
-99
770
697
-99
-99
-99
673
382
380
639
930
-99
173
877
1057
-99
403
583
369
-99
-99
-99
502
-99
-99
-99
-99
981
-99
580
-99
-99
-99
-99
-99
233
-99
511
-99
213
-99
-99
-99
659
344
611
-99
177
318
-99
969
-99
-99
-99
305
1200
-99
432
454
507
-99
-99
579
-99
-99
862
-99
-99
-99
-99
416
825
-99
113
336
-99
-99
1164
295
-99
359
-99
-99
-99
801
572
-99
538
527
949
-99
322
-99
277
-99
600
-99
-99
1132
602
1177
-99
-99
21
729
-99
387
-99
762
-99
911
621
-99
-99
-99
-99
600
-99
703
-99
707
437
-99
376
761
688
-99
600
-99
717
-99
626
1070
-99
245
133
-99
1010
646
789
609
768
580
-99
911
-99
391
-99
254
-99
-99
-99
-99
759
-99
-99
-99
1069
-99
-99
276
364
-99
812
1000
-99
-99
-99
-99
-99
-99
-99
92
698
-99
-99
-99
681
-99
818
-99
600
328
384
-99
939
319
123
734
-99
-99
-99
410
-99
848
798
-99
998
455
-99
710
733
-99
-99
-99
-99
338
494
-99
73
-99
-99
-99
-99
-99
-99
364
778
1121
-99
-99
1148
600
-99
347
561
223
855
690
-99
-99
-99
-99
-99
993
-99
392
-99
243
-99
-99
-99
-99
-99
1042
1102
-99
-99
525
1026
-99
-99
-99
-99
-99
763
-99
-99
-99
-99
126
-99
1059
369
-99
951
601
-99
247
468
453
-99
835
-99
467
-99
-99
608
389
924
-99
-99
-99
849
-99
-99
268
683
884
718
-99
1191
-99
96
-99
-99
-99
-99
-99
894
-99
564
-99
1009
800
629
408
-99
-99
-99
879
854
-99
-99
1127
1134
-99
658
-99
600
-99
329
-99
-99
-99
-99
849
-99
730
-99
175
552
-99
-99
-99
573
829
-99
692
-99
-99
-99
-99
591
697
-99
-99
1123
719
-99
-99
-99
546
554
-99
-99
484
-99
-99
-99
-99
-99
797
1102
-99
-99
1073
-99
250
-99
819
-99
469
858
346
997
613
690
1031
-99
-99
-99
-99
296
732
-99
295
481
575
-99
623
-99
330
-99
-99
250
-99
-99
1127
-99
969
346
583
-99
511
-99
1041
692
1002
-99
178
-99
140
-99
931
-99
-99
979
522
-99
-99
-99
340
-99
-99
339
-99
998
1011
-99
652
724
290
-99
708
237
861
776
-99
1021
-99
1043
-99
-99
-99
-99
703
713
-99
-99
-99
-99
-99
-99
572
-99
-99
-99
747
342
-99
310
-99
-99
-99
1000
-99
819
-99
600
-99
-99
-99
-99
-99
-99
-99
-99
225
117
551
940
-99
1030
249
521
600
-99
-99
1112
-99
-99
-99
222
-99
786
119
603
320
-99
376
884
346
-99
1129
896
-99
-99
833
-99
-99
-99
-99
-99
-99
599
-99
-99
935
-99
-99
665
586
868
1064
1101
-99
736
923
-99
-99
627
-99
-99
1118
250
827
-99
256
217
-99
-99
-99
-99
445
-99
-99
790
-99
-99
491
21
-99
541
968
-99
633
474
117
460
-99
-99
289
-99
-99
600
-99
1120
-99
748
-99
-99
662
-99
-99
579
681
-99
-99
51
867
256
-99
1016
-99
-99
-99
-99
508
352
-99
327
529
862
-99
-99
447
-99
636
677
307
87
362
-99
1038
-99
-99
890
-99
778
-99
-99
613
-99
622
-99
-99
746
-99
1112
683
1110
-99
-99
-99
1153
418
595
-99
-99
840
-99
-99
-99
-99
-99
-99
-99
-99
673
26
-99
369
243
962
-99
-99
618
385
1024
674
456
-99
-99
927
639
-99
287
502
993
685
1200
1145
-99
714
-99
423
789
-99
-99
632
661
-99
-99
1077
221
-99
977
698
33
-99
-99
728
-99
-99
-99
-99
672
-99
-99
-99
-99
442
577
-99
493
-99
-99
786
-99
400
-99
-99
1101
-99
-99
68
-99
-99
-99
335
527
1042
844
581
-99
-99
-99
-99
-99
-99
323
539
600
-99
-99
-99
-99
-99
926
309
-99
-99
359
-99
1182
-99
-99
1042
-99
429
-99
-99
-99
-99
-99
-99
180
403
844
-99
500
707
-99
600
-99
408
-99
-99
138
-99
1020
-99
-99
887
-99
1065
-99
426
437
-99
-99
-99
493
199
254
-99
-99
318
333
-99
-99
-99
578
-99
-99
-99
675
481
949
-99
-99
-99
-99
-99
279
389
-99
730
-99
641
598
-99
-99
827
588
-99
-99
-99
540
-99
721
765
-99
970
-99
-99
-99
948
512
-99
-99
-99
-99
501
-99
-99
600
287
1139
-99
-99
-99
967
-99
-99
496
-99
422
484
-99
446
642
560
610
421
-99
775
-99
-99
-99
-99
-99
608
1007
-99
480
1172
-99
1185
600
-99
352
361
-99
-99
941
-99
-99
663
904
572
325
1176
90
-99
-99
-99
47
244
-99
-99
345
827
253
177
306
-99
600
-99
357
600
-99
699
1114
654
-99
491
-99
-99
623
-99
-99
710
1128
1050
-99
-99
-99
-99
767
1110
-99
-99
626
-99
416
177
-99
-99
-99
-99
-99
1024
360
-99
655
376
48
-99
363
-99
618
-99
1121
865
-99
221
216
749
526
-99
-99
-99
173
37
150
-99
-99
381
-99
-99
154
636
1127
-99
836
-99
-99
905
-99
-99
1170
1180
-99
335
-99
332
769
174
662
-99
370
1106
120
1128
875
-99
-99
649
855
-99
727
778
145
600
-99
130
-99
-99
-99
831
38
660
721
791
-99
989
-99
806
1120
-99
-99
-99
488
-99
-99
471
258
659
1010
-99
750
-99
1051
852
493
508
686
317
-99
113
-99
-99
-99
-99
1200
-99
758
1196
-99
-99
-99
162
-99
681
-99
891
-99
570
-99
644
576
-99
-99
-99
546
-99
-99
-99
644
-99
303
-99
151
-99
1106
-99
-99
-99
-99
-99
-99
-99
555
279
595
-99
-99
-99
-99
-99
522
616
695
447
890
887
954
579
-99
1070
-99
582
666
-99
-99
-99
267
-99
-99
563
99
-99
-99
1183
-99
-99
-99
729
835
452
-99
762
371
992
832
931
1010
565
-99
82
1075
-99
164
747
790
-99
699
-99
-99
1097
763
511
-99
-99
531
585
237
819
-99
605
-99
1087
1063
-99
-99
-99
-99
-99
583
-99
-99
-99
928
-99
-99
713
-99
941
379
-99
638
-99
631
-99
918
-99
1117
-99
-99
-99
-99
-99
800
626
-99
-99
-99
-99
-99
903
-99
-99
-99
-99
-99
-99
921
-99
-99
810
633
-99
763
936
1017
41
773
-99
1115
-99
-99
-99
1055
1122
784
-99
600
577
585
-99
-99
-99
612
693
741
-99
965
331
338
-99
615
622
-99
-99
662
-99
230
-99
524
525
-99
808
650
639
-99
-99
-99
-99
728
-99
791
-99
-99
-99
805
212
-99
1099
982
-99
334
371
-99
220
-99
278
-99
728
479
-99
505
-99
-99
607
-99
1114
454
-99
335
431
792
-99
-99
-99
400
-99
29
-99
-99
-99
-99
-99
-99
-99
-99
-99
-99
947
-99
-99
955
1120
237
-99
-99
907
883
-99
-99
1097
306
-99
211
-99
-99
157
-99
-99
-99
-99
974
-99
-99
-99
-99
318
701
-99
680
-99
75
-99
675
1187
-99
563
1053
426
-99
-99
495
-99
1052
-99
-99
-99
803
75
-99
-99
244
1110
-99
-99
-99
-99
-99
829
-99
-99
-99
-99
-99
-99
-99
-99
-99
464
634
-99
-99
-99
-99
600
389
-99
290
1085
-99
-99
-99
691
789
-99
-99
-99
-99
-99
-99
-99
1030
471
-99
1086
342
-99
718
274
-99
701
869
-99
151
600
-99
-99
562
859
848
554
-99
-99
-99
724
640
-99
459
1200
-99
433
-99
1019
778
802
688
-99
-99
-99
642
462
-99
442
-99
1092
-99
-99
216
-99
-99
600
1004
-99
-99
-99
-99
-99
-99
-99
93
556
881
1035
452
956
943
-99
-99
-99
-99
525
859
640
-99
-99
969
750
-99
747
358
1121
-99
-99
-99
1195
-99
-99
-99
207
-99
635
-99
-99
-99
563
-99
553
1114
-99
532
-99
587
598
-99
822
495
602
173
757
850
1017
-99
-99
-99
376
-99
-99
-99
630
-99
1127
-99
-99
725
730
1072
-99
468
-99
825
199
-99
-99
702
-99
-99
-99
658
756
564
-99
752
601
-99
-99
42
558
-99
918
-99
-99
811
810
698
809
789
-99
-99
-99
711
-99
-99
637
289
1200
670
333
-99
-99
1128
600
920
-99
387
750
645
827
911
-99
-99
884
-99
-99
-99
-99
-99
369
180
-99
767
-99
184
705
-99
153
-99
700
627
1028
1156
-99
387
-99
-99
317
700
761
756
-99
-99
695
646
979
-99
-99
-99
993
-99
881
859
-99
-99
-99
1058
186
629
386
-99
-99
-99
-99
635
557
1126
-99
654
868
-99
480
731
-99
1080
1103
-99
68
-99
874
-99
905
1083
-99
-99
-99
-99
-99
600
263
-99
793
-99
-99
-99
-99
93
-99
566
-99
448
830
529
488
883
-99
-99
615
564
296
-99
812
-99
-99
-99
661
-99
-99
-99
-99
-99
1172
-99
332
-99
637
612
1133
531
544
341
672
1101
883
-99
813
-99
-99
214
-99
-99
-99
588
-99
-99
516
-99
-99
636
899
-99
-99
644
270
-99
-99
175
-99
754
-99
-99
1155
1009
-99
515
-99
848
1003
-99
777
130
-99
-99
-99
584
-99
-99
-99
-99
-99
-99
296
-99
442
415
991
-99
1040
607
531
346
703
817
1073
1166
-99
-99
-99
758
790
-99
716
235
-99
481
341
527
400
750
689
916
-99
-99
1108
721
-99
584
-99
787
762
803
-99
-99
508
655
318
911
594
-99
-99
704
582
-99
840
-99
-99
-99
982
651
830
-99
1045
1079
-99
560
-99
739
585
-99
-99
-99
943
-99
-99
-99
855
-99
-99
-99
942
600
697
1031
1023
573
979
-99
927
578
54
-99
1168
668
-99
853
1166
723
-99
-99
-99
383
1002
-99
1146
803
-99
858
823
597
-99
-99
588
-99
1062
1075
670
-99
611
-99
810
-99
432
864
497
-99
-99
637
660
438
801
820
-99
454
-99
656
-99
600
-99
644
-99
704
-99
746
724
-99
1105
-99
-99
-99
941
-99
377
-99
635
-99
-99
263
565
622
-99
-99
-99
532
223
-99
468
614
746
-99
460
1053
975
-99
-99
-99
-99
272
-99
-99
-99
1070
600
-99
-99
-99
-99
280
1194
816
808
-99
879
726
-99
-99
-99
1130
-99
1048
-99
-99
-99
774
-99
-99
561
704
595
1109
467
-99
551
346
-99
653
475
600
-99
1157
623
-99
693
-99
485
-99
849
1054
-99
272
-99
200
748
-99
270
557
643
684
733
-99
-99
-99
938
-99
-99
-99
-99
825
-99
-99
-99
1044
434
-99
-99
-99
-99
-99
488
1144
-99
782
-99
-99
685
600
278
-99
1014
1038
-99
831
156
909
-99
-99
-99
-99
600
-99
1078
751
-99
-99
612
-99
994
741
575
882
458
-99
-99
-99
362
-99
-99
-99
-99
868
-99
-99
-99
-99
501
480
-99
742
-99
335
717
937
-99
-99
600
-99
337
409
581
-99
669
440
652
424
696
-99
-99
897
-99
734
1172
-99
974
-99
572
-99
-99
-99
654
994
1060
-99
-99
519
875
-99
-99
-99
1052
-99
1118
1002
928
1105
-99
546
-99
1038
-99
861
-99
-99
534
594
930
287
801
-99
477
-99
699
572
830
1020
-99
134
1081
1080
-99
852
600
289
653
-99
-99
-99
767
600
-99
-99
-99
-99
974
822
594
371
-99
734
-99
-99
-99
-99
534
-99
831
-99
-99
-99
1140
957
-99
-99
-99
1138
-99
320
-99
-99
1089
464
-99
-99
-99
702
488
790
-99
-99
523
842
299
-99
698
1162
-99
-99
-99
895
-99
589
1019
922
-99
-99
617
-99
-99
-99
1027
703
-99
-99
1031
-99
729
1117
704
705
367
1131
-99
1073
-99
780
921
-99
-99
952
-99
474
914
-99
497
844
-99
791
-99
-99
627
613
-99
266
-99
630
-99
-99
-99
-99
-99
-99
383
-99
897
999
-99
534
-99
236
687
145
628
387
1134
-99
133
632
-99
373
-99
-99
852
-99
883
600
83
864
431
815
-99
-99
849
-99
-99
941
-99
-99
-99
-99
597
-99
960
-99
-99
-99
357
-99
-99
-99
-99
-99
-99
-99
-99
-99
967
-99
817
1082
-99
-99
949
807
-99
677
-99
-99
399
-99
-99
734
1075
-99
-99
-99
1105
-99
1165
-99
-99
-99
-99
548
768
-99
-99
166
601
317
623
480
-99
-99
983
-99
252
-99
1076
600
-99
-99
-99
-99
1049
-99
-99
-99
-99
-99
-99
-99
966
961
785
-99
-99
-99
-99
-99
925
602
-99
863
-99
-99
875
-99
410
325
535
560
1084
961
1135
775
-99
957
788
983
589
765
-99
658
-99
-99
-99
-99
404
807
-99
78
698
-99
973
1139
888
-99
576
-99
631
-99
-99
-99
294
795
391
-99
829
507
-99
-99
654
928
-99
1128
-99
-99
-99
92
-99
574
274
-99
-99
956
-99
-99
886
455
-99
1022
-99
1132
465
-99
-99
600
1036
-99
737
479
-99
-99
167
725
600
-99
901
-99
1075
-99
-99
-99
402
-99
883
710
-99
833
-99
-99
740
-99
1077
-99
616
-99
-99
-99
1130
-99
-99
69
842
-99
-99
510
-99
-99
-99
769
-99
755
1011
1115
33
-99
-99
-99
-99
-99
942
884
-99
512
-99
285
-99
-99
-99
1169
395
345
-99
-99
632
-99
596
421
153
-99
675
848
-99
-99
605
630
367
967
-99
-99
964
-99
-99
-99
-99
679
592
605
-99
299
283
675
543
-99
-99
1194
-99
-99
600
135
1104
1115
1132
445
707
-99
-99
938
747
-99
-99
158
629
883
877
451
-99
-99
-99
1132
-99
884
739
289
-99
-99
68
-99
656
666
515
-99
-99
-99
-99
522
-99
-99
433
763
946
579
1008
-99
808
545
616
1120
-99
-99
603
583
600
600
752
920
1086
1061
-99
210
752
1061
-99
418
-99
-99
600
-99
1049
721
-99
366
1053
1007
1177
-99
417
814
-99
399
-99
241
492
676
572
-99
633
604
-99
-99
546
1090
-99
-99
-99
1187
-99
-99
1157
-99
1095
872
-99
587
-99
-99
-99
1078
1065
149
-99
265
-99
553
1106
434
940
-99
-99
-99
1003
-99
365
-99
653
920
594
-99
-99
-99
-99
640
523
-99
-99
-99
-99
-99
697
-99
160
-99
-99
-99
524
978
-99
-99
287
600
-99
1011
-99
148
-99
1121
474
356
888
-99
-99
1170
446
697
-99
-99
-99
599
433
624
980
792
-99
-99
-99
600
600
-99
-99
815
636
-99
547
-99
-99
-99
240
-99
541
659
-99
-99
-99
-99
643
-99
1104
600
699
-99
-99
600
549
1048
-99
-99
-99
-99
436
623
505
504
-99
-99
352
464
325
596
141
151
-99
911
1080
-99
-99
-99
-99
676
-99
-99
-99
1027
1128
-99
492
-99
344
688
-99
-99
480
-99
-99
600
706
-99
835
-99
731
317
-99
638
379
-99
-99
544
-99
-99
-99
804
-99
456
-99
-99
699
-99
281
-99
-99
981
-99
-99
654
946
-99
-99
270
-99
-99
1025
-99
949
161
569
-99
-99
-99
-99
1014
913
-99
-99
-99
-99
716
-99
633
-99
938
-99
-99
430
-99
632
-99
-99
-99
-99
-99
603
1080
-99
84
1125
-99
-99
-99
-99
-99
-99
847
-99
-99
685
315
491
908
-99
-99
-99
-99
-99
-99
948
-99
85
852
651
-99
-99
-99
715
-99
-99
445
443
-99
-99
-99
488
699
515
-99
-99
707
1111
534
-99
-99
-99
572
743
-99
-99
-99
369
-99
837
202
-99
1097
-99
967
-99
776
590
-99
-99
-99
72
961
446
288
375
-99
600
-99
166
-99
1075
-99
-99
78
-99
-99
-99
568
-99
-99
-99
1072
-99
815
-99
-99
1121
537
-99
-99
538
-99
-99
-99
1013
1068
915
-99
703
778
802
642
617
-99
-99
-99
-99
1159
125
432
658
-99
379
1080
70
599
-99
935
962
-99
587
-99
851
857
-99
809
665
1054
797
-99
-99
-99
-99
-99
-99
-99
711
-99
778
567
630
-99
827
-99
552
536
-99
1119
-99
-99
-99
845
223
589
942
-99
888
-99
-99
-99
1025
-99
1110
854
-99
646
-99
-99
-99
-99
524
1011
799
690
-99
924
-99
-99
-99
-99
-99
-99
875
-99
271
617
581
-99
803
-99
-99
-99
576
722
-99
472
-99
-99
1033
722
126
607
617
871
-99
-99
-99
1059
-99
241
676
680
778
-99
-99
-99
1194
-99
-99
-99
977
216
-99
581
988
418
786
-99
113
316
630
610
-99
1085
600
633
665
-99
982
698
-99
875
894
739
-99
253
806
-99
1019
548
326
-99
992
-99
-99
589
-99
623
-99
-99
480
-99
1108
970
-99
-99
716
24
-99
-99
1019
-99
917
632
290
-99
723
712
-99
102
1123
499
-99
-99
-99
386
627
794
177
904
1183
-99
635
530
-99
-99
869
550
777
-99
751
630
-99
987
-99
-99
-99
-99
-99
608
-99
284
-99
-99
1189
-99
663
600
579
497
-99
267
-99
-99
-99
-99
-99
661
-99
651
595
-99
-99
295
-99
-99
-99
-99
807
345
-99
-99
193
734
-99
1115
225
-99
-99
-99
587
-99
-99
-99
490
-99
-99
694
-99
362
666
-99
-99
643
-99
-99
906
809
828
-99
-99
-99
-99
-99
-99
-99
848
-99
1036
1113
1022
592
-99
33
594
-99
-99
-99
117
-99
-99
-99
629
908
-99
-99
-99
-99
-99
266
-99
-99
417
-99
399
65
583
-99
-99
-99
-99
855
-99
880
-99
-99
600
-99
238
-99
-99
-99
-99
588
-99
-99
-99
822
-99
537
-99
-99
-99
904
450
-99
-99
637
754
-99
512
461
-99
820
-99
-99
-99
634
750
564
85
-99
-99
600
661
-99
-99
581
201
1036
588
341
648
-99
1005
598
-99
792
643
634
-99
-99
-99
640
80
613
-99
-99
-99
-99
518
70
-99
-99
-99
-99
103
594
169
640
-99
-99
-99
719
857
-99
-99
600
-99
211
556
-99
805
-99
163
-99
974
812
1097
468
-99
-99
1175
332
1018
1036
-99
575
-99
-99
1156
-99
852
643
657
664
-99
112
185
600
389
-99
172
572
-99
-99
-99
-99
470
1024
-99
813
255
1071
-99
-99
1007
-99
141
-99
-99
600
-99
691
-99
477
679
-99
-99
240
-99
-99
664
-99
898
-99
-99
-99
388
-99
-99
-99
339
-99
-99
-99
175
532
80
586
254
218
-99
-99
-99
335
-99
518
-99
344
-99
-99
-99
460
-99
-99
335
-99
-99
-99
-99
-99
356
1176
-99
-99
-99
985
90
-99
-99
420
-99
614
174
-99
320
341
-99
-99
958
-99
981
-99
-99
650
-99
811
81
628
-99
736
987
-99
567
-99
-99
-99
-99
530
1161
875
-99
-99
-99
600
-99
320
584
800
-99
-99
559
620
950
-99
538
799
1044
-99
487
-99
-99
418
770
539
678
669
-99
881
352
-99
-99
908
-99
967
-99
854
-99
623
-99
-99
-99
-99
412
906
286
1030
817
1165
-99
574
-99
307
-99
461
-99
-99
1127
1127
103
-99
-99
645
972
805
-99
503
1120
-99
813
-99
994
-99
717
1027
839
-99
-99
-99
-99
-99
-99
727
-99
364
-99
888
950
-99
-99
25
814
-99
660
-99
913
-99
334
805
396
996
644
716
361
-99
710
-99
723
251
794
622
1115
-99
-99
789
1109
-99
-99
-99
1138
753
-99
-99
344
-99
-99
-99
-99
-99
-99
-99
816
202
-99
-99
1051
-99
-99
650
-99
-99
-99
-99
-99
1029
-99
-99
311
-99
600
834
-99
-99
266
620
-99
510
-99
761
1131
-99
880
-99
527
501
317
464
761
626
-99
-99
-99
1144
303
-99
811
887
-99
-99
703
600
1081
-99
541
-99
375
-99
-99
-99
-99
1105
1003
-99
822
897
-99
600
189
-99
-99
515
-99
485
1138
-99
-99
-99
719
595
-99
-99
-99
-99
518
-99
1194
-99
971
784
-99
-99
865
-99
724
324
85
600
683
-99
-99
-99
-99
817
-99
-99
-99
749
757
1070
-99
-99
-99
825
-99
-99
-99
393
-99
460
-99
-99
508
-99
-99
1002
-99
1193
-99
233
804
759
-99
600
-99
859
161
-99
623
-99
1053
995
294
1066
311
997
883
637
-99
-99
-99
1175
242
701
-99
792
-99
-99
-99
-99
175
-99
601
-99
381
-99
833
482
1104
-99
884
513
-99
-99
-99
800
348
-99
204
169
1140
801
-99
553
474
630
715
-99
-99
600
-99
300
-99
-99
-99
-99
980
-99
-99
-99
408
796
-99
148
-99
-99
740
668
-99
-99
319
544
-99
747
-99
930
184
876
-99
-99
-99
-99
442
213
-99
840
-99
957
-99
564
-99
1139
-99
732
-99
-99
850
689
758
854
-99
605
-99
-99
556
258
542
-99
690
447
855
-99
-99
-99
-99
733
-99
-99
-99
-99
-99
-99
758
855
-99
-99
-99
920
582
502
116
481
-99
-99
-99
1160
871
249
-99
-99
-99
732
792
1010
427
-99
-99
647
304
947
525
-99
-99
857
899
452
-99
1111
403
-99
-99
589
-99
504
606
-99
819
1048
150
638
-99
-99
145
-99
997
817
543
-99
1052
-99
-99
1035
379
-99
1141
1092
-99
953
-99
226
-99
-99
-99
416
-99
-99
1065
85
-99
-99
111
-99
765
742
-99
-99
830
530
634
-99
-99
859
251
-99
568
-99
523
-99
810
-99
812
1142
-99
1071
647
-99
935
369
470
-99
1109
-99
1157
-99
401
-99
-99
-99
-99
-99
-99
1102
196
646
-99
-99
-99
-99
628
-99
-99
-99
-99
600
900
600
-99
-99
391
-99
682
-99
-99
700
-99
542
369
1037
-99
-99
600
-99
906
-99
-99
760
381
1186
697
1106
-99
499
613
562
960
837
643
-99
500
626
-99
840
709
626
-99
741
382
792
549
1006
344
730
-99
-99
-99
972
-99
600
-99
-99
797
561
-99
1094
-99
-99
600
-99
-99
-99
-99
-99
-99
706
-99
501
-99
-99
-99
221
739
-99
607
-99
335
-99
631
-99
876
-99
-99
-99
985
771
-99
-99
-99
478
-99
-99
516
-99
1103
-99
596
-99
-99
-99
-99
-99
1133
1125
798
-99
-99
-99
269
679
-99
722
737
-99
-99
385
1066
1081
740
-99
-99
-99
-99
-99
-99
-99
-99
525
598
468
566
847
796
1143
237
-99
-99
-99
-99
733
-99
410
-99
816
-99
1088
825
-99
886
215
854
-99
403
-99
-99
985
-99
-99
-99
-99
-99
-99
-99
-99
383
-99
600
1142
276
-99
-99
-99
-99
21
-99
-99
-99
-99
-99
464
818
-99
-99
981
-99
674
-99
849
1171
-99
110
-99
-99
1172
-99
389
-99
-99
555
-99
-99
774
187
301
1157
-99
-99
-99
-99
-99
513
754
-99
-99
605
-99
484
-99
-99
365
1085
682
-99
1137
924
-99
507
610
1030
-99
-99
490
-99
-99
416
-99
290
-99
-99
1142
764
-99
795
-99
-99
-99
-99
1110
-99
-99
1117
-99
-99
340
635
-99
39
760
-99
-99
-99
-99
616
373
1108
-99
-99
214
476
831
177
-99
825
-99
-99
341
572
1196
-99
-99
-99
-99
667
235
-99
364
241
842
474
116
-99
920
866
110
-99
195
-99
-99
591
-99
-99
843
902
135
-99
-99
-99
-99
361
-99
-99
-99
600
334
-99
-99
-99
1183
-99
-99
-99
766
-99
95
600
-99
-99
664
166
-99
-99
674
449
885
770
707
434
-99
798
-99
724
-99
648
475
-99
963
900
-99
-99
591
927
-99
971
-99
629
285
624
963
392
625
-99
340
-99
594
-99
956
-99
-99
-99
929
-99
-99
-99
-99
-99
853
542
928
-99
775
-99
663
137
435
-99
878
-99
-99
726
655
-99
-99
-99
-99
-99
-99
945
327
244
286
610
-99
811
-99
-99
558
-99
735
-99
-99
-99
664
633
-99
-99
270
474
-99
439
486
587
-99
-99
1032
-99
-99
1029
-99
796
-99
-99
-99
651
-99
-99
-99
-99
-99
357
27
-99
1092
1150
356
815
600
-99
743
-99
282
-99
-99
-99
-99
762
600
631
723
-99
779
-99
-99
587
-99
373
-99
-99
1007
714
-99
-99
-99
748
-99
-99
718
-99
492
933
813
894
832
559
-99
-99
-99
734
1185
-99
856
-99
-99
599
103
974
615
188
1076
182
-99
-99
667
-99
-99
-99
-99
637
208
-99
637
603
517
-99
-99
522
590
-99
-99
-99
1015
21
925
-99
-99
-99
-99
652
-99
-99
-99
651
936
-99
773
-99
609
-99
-99
-99
778
-99
-99
1116
886
-99
-99
394
-99
-99
-99
394
-99
262
650
-99
350
1094
406
68
-99
773
-99
880
-99
-99
644
836
-99
660
409
973
-99
598
1120
-99
359
456
-99
243
1004
-99
-99
1109
-99
-99
-99
912
904
897
964
527
-99
598
624
1133
917
758
-99
519
-99
-99
295
570
-99
860
-99
191
567
653
-99
268
-99
876
1018
600
-99
-99
-99
470
972
-99
915
-99
-99
772
566
807
29
900
129
178
-99
792
-99
-99
-99
560
602
-99
622
-99
-99
-99
200
614
940
-99
-99
-99
378
195
-99
802
528
612
461
-99
-99
601
687
-99
290
858
53
-99
754
1200
-99
-99
-99
964
-99
-99
-99
-99
532
-99
-99
354
126
-99
674
-99
920
566
-99
249
-99
-99
648
-99
-99
-99
149
864
580
-99
509
-99
-99
345
-99
-99
248
-99
-99
943
118
894
699
-99
-99
-99
844
-99
-99
-99
-99
-99
-99
530
865
589
600
649
1108
103
-99
-99
-99
-99
-99
600
-99
923
-99
-99
675
-99
599
-99
-99
732
-99
443
-99
1132
563
1077
-99
-99
600
80
-99
-99
1118
601
760
1111
1004
-99
-99
-99
1024
-99
600
-99
-99
560
665
1104
1142
-99
244
-99
-99
-99
-99
557
600
807
554
-99
342
713
-99
-99
266
462
-99
-99
900
-99
-99
1102
843
-99
-99
682
-99
-99
600
616
867
-99
471
833
571
170
184
809
-99
770
-99
-99
-99
337
-99
-99
579
695
581
-99
537
761
893
885
758
768
606
875
204
1085
1087
604
-99
-99
-99
-99
-99
-99
669
793
205
153
-99
-99
223
-99
427
-99
-99
564
-99
443
1178
107
-99
984
383
1131
1047
858
521
129
379
-99
-99
600
-99
-99
755
124
-99
-99
-99
580
-99
-99
-99
-99
606
-99
-99
-99
-99
612
717
-99
-99
279
1104
-99
-99
438
-99
-99
468
523
-99
-99
-99
296
958
-99
-99
169
-99
444
-99
1042
-99
-99
-99
142
-99
728
733
804
-99
655
-99
150
-99
-99
-99
600
-99
668
-99
195
-99
-99
898
-99
1104
-99
809
316
-99
1086
-99
258
489
678
-99
-99
-99
-99
699
-99
809
915
-99
743
652
678
-99
1114
936
756
-99
-99
-99
743
601
-99
152
637
-99
-99
600
600
-99
709
692
-99
1027
665
-99
1103
-99
472
577
-99
-99
-99
559
-99
-99
-99
631
-99
-99
-99
1103
-99
-99
-99
1058
577
-99
-99
-99
398
-99
-99
547
-99
-99
800
694
782
-99
-99
953
-99
-99
-99
-99
459
-99
679
-99
719
616
648
-99
1110
448
-99
1060
991
-99
-99
645
-99
-99
-99
232
-99
899
-99
718
805
352
-99
-99
-99
-99
-99
160
-99
-99
799
-99
-99
271
752
84
704
-99
883
1039
-99
791
302
-99
848
672
-99
-99
-99
469
1030
-99
-99
650
-99
592
674
-99
-99
625
-99
-99
1085
780
-99
846
-99
826
-99
-99
-99
-99
-99
1018
1194
-99
-99
949
833
635
-99
600
-99
1090
416
319
-99
-99
-99
747
-99
-99
-99
1067
-99
590
127
869
21
-99
865
600
975
-99
-99
-99
-99
-99
1103
-99
855
1169
511
-99
-99
-99
735
489
-99
-99
-99
-99
1010
-99
280
1108
154
-99
-99
-99
-99
-99
757
764
-99
930
-99
1126
600
-99
860
-99
469
-99
130
1099
-99
313
-99
-99
-99
-99
1049
856
871
-99
-99
600
-99
488
-99
-99
-99
-99
578
-99
734
337
589
-99
124
-99
600
731
-99
-99
495
387
-99
1127
1001
-99
458
-99
779
-99
-99
-99
-99
1033
740
711
-99
444
-99
-99
-99
-99
-99
-99
876
972
825
328
677
600
-99
940
872
-99
747
-99
461
1119
-99
523
-99
-99
633
-99
1086
-99
-99
803
463
-99
395
-99
1120
478
973
817
-99
994
-99
-99
-99
-99
-99
607
416
753
536
-99
-99
994
-99
369
1178
-99
700
-99
276
-99
1167
-99
-99
-99
442
-99
477
820
-99
-99
-99
-99
788
-99
828
-99
1025
-99
1191
620
-99
254
-99
866
692
-99
-99
-99
-99
706
668
-99
66
-99
988
-99
-99
-99
394
-99
-99
263
-99
-99
868
-99
-99
-99
724
-99
-99
-99
712
-99
-99
-99
697
-99
-99
600
-99
-99
-99
-99
123
615
-99
649
386
617
416
-99
-99
600
440
-99
-99
339
-99
-99
-99
68
-99
-99
412
-99
159
530
674
1053
212
687
-99
745
852
-99
-99
1173
1064
284
-99
-99
459
-99
654
985
707
806
228
621
-99
598
824
-99
865
-99
-99
942
308
684
919
-99
-99
473
278
-99
1128
495
369
-99
-99
802
-99
446
-99
-99
-99
-99
746
-99
-99
-99
1055
272
-99
-99
-99
854
-99
706
1026
600
-99
-99
-99
-99
-99
1042
1200
-99
963
79
-99
-99
865
337
-99
-99
-99
261
-99
-99
-99
-99
-99
408
555
530
-99
-99
989
-99
-99
-99
719
-99
578
882
566
823
1028
-99
131
416
-99
494
-99
364
-99
-99
792
-99
731
-99
-99
24
-99
-99
510
-99
-99
-99
600
-99
-99
-99
185
600
-99
-99
-99
600
-99
-99
-99
600
-99
470
1002
-99
-99
600
-99
658
600
1062
223
-99
-99
1102
571
1053
376
1136
-99
-99
717
-99
1176
-99
-99
1112
-99
600
794
555
335
922
-99
130
-99
136
913
1146
-99
518
570
-99
903
941
1156
-99
-99
-99
-99
-99
-99
-99
936
-99
341
550
600
1154
-99
1033
283
-99
280
600
-99
1179
868
-99
-99
841
-99
-99
-99
-99
-99
-99
608
-99
579
-99
-99
-99
820
25
448
-99
-99
303
903
-99
-99
768
817
-99
-99
890
565
-99
-99
-99
-99
160
662
-99
620
900
-99
228
-99
-99
-99
289
432
300
322
518
-99
1141
688
-99
-99
285
1018
438
-99
-99
924
242
680
-99
-99
103
215
-99
690
659
-99
599
-99
997
-99
848
1137
440
565
-99
856
-99
612
-99
1123
930
707
583
340
-99
682
1086
-99
-99
-99
-99
-99
921
-99
-99
715
-99
296
-99
62
-99
-99
550
-99
1066
-99
-99
1144
1110
-99
-99
1057
345
-99
417
857
994
548
1120
-99
800
933
863
-99
1086
238
-99
-99
857
600
438
-99
900
1092
496
638
-99
-99
283
699
-99
600
323
-99
362
-99
173
622
661
613
-99
-99
1105
-99
-99
-99
-99
-99
892
-99
-99
-99
1039
-99
829
-99
-99
830
792
392
-99
-99
667
-99
827
-99
654
-99
292
952
393
319
596
93
-99
-99
978
-99
575
-99
506
-99
1051
-99
-99
-99
-99
-99
-99
-99
755
-99
243
119
-99
682
24
-99
-99
-99
-99
-99
336
-99
-99
603
-99
568
763
-99
-99
201
444
-99
909
822
-99
672
649
-99
-99
924
1182
-99
-99
-99
-99
806
-99
331
623
-99
-99
-99
-99
816
608
-99
426
798
-99
413
-99
716
926
-99
-99
813
-99
1154
973
914
-99
-99
600
211
416
-99
-99
-99
37
-99
393
1017
425
-99
510
-99
-99
-99
-99
750
495
926
96
-99
-99
-99
-99
1049
-99
388
-99
-99
734
-99
-99
421
837
-99
-99
-99
217
717
781
891
-99
202
902
1093
801
-99
-99
169
-99
-99
-99
317
-99
1125
-99
529
784
192
-99
997
415
28
411
-99
304
176
401
374
470
393
600
-99
-99
-99
850
-99
-99
1043
744
350
1064
501
436
853
-99
667
294
290
-99
-99
-99
1014
-99
-99
-99
-99
1114
-99
-99
600
895
794
1083
1070
349
-99
-99
-99
-99
-99
199
-99
-99
-99
-99
-99
-99
529
628
414
-99
711
-99
1011
-99
-99
-99
-99
-99
-99
-99
-99
589
566
-99
-99
-99
1104
376
600
552
-99
877
774
-99
-99
383
658
-99
714
-99
-99
-99
-99
-99
873
-99
-99
-99
-99
-99
-99
-99
660
407
-99
-99
833
842
245
902
646
1096
-99
-99
593
773
-99
-99
466
726
-99
-99
1074
1082
396
-99
308
427
-99
113
653
999
-99
711
-99
-99
893
723
-99
111
287
-99
-99
-99
709
415
-99
-99
76
-99
520
-99
-99
237
743
726
273
600
940
925
-99
587
600
-99
195
651
-99
-99
-99
453
802
-99
-99
355
-99
-99
975
306
-99
640
812
-99
320
-99
648
-99
-99
1117
535
290
703
333
600
338
1052
-99
-99
-99
281
370
-99
-99
-99
-99
-99
-99
741
681
-99
833
749
-99
515
-99
-99
-99
775
-99
954
-99
807
-99
751
-99
1119
287
-99
-99
-99
574
-99
71
600
339
-99
-99
77
705
410
-99
881
-99
69
-99
1163
859
830
1194
-99
-99
202
473
641
-99
-99
275
1012
-99
478
600
-99
-99
604
600
-99
1133
958
483
-99
-99
28
-99
-99
585
-99
107
-99
268
920
942
847
-99
676
-99
594
838
654
-99
-99
-99
-99
-99
567
192
-99
296
-99
-99
645
1083
816
-99
-99
-99
335
387
666
-99
1043
600
-99
555
295
-99
600
331
586
1143
-99
-99
356
-99
523
1124
1160
451
-99
-99
-99
1114
1064
-99
52
367
364
-99
-99
-99
-99
493
690
-99
-99
435
-99
-99
176
-99
386
-99
-99
690
-99
1069
365
541
-99
-99
600
-99
-99
-99
-99
-99
873
-99
669
652
1020
-99
1155
649
-99
570
-99
1046
691
-99
-99
1000
-99
1163
893
198
-99
-99
-99
595
1037
-99
609
533
-99
-99
274
-99
-99
-99
429
36
467
592
448
-99
1121
796
-99
-99
934
1106
764
-99
442
610
-99
-99
767
-99
-99
677
-99
-99
692
-99
582
-99
-99
-99
-99
-99
474
702
-99
-99
535
600
-99
174
1067
-99
710
72
571
-99
161
943
-99
-99
749
600
818
-99
-99
547
1086
-99
-99
-99
218
831
-99
-99
-99
795
-99
-99
-99
1026
-99
-99
1112
-99
-99
900
686
-99
645
590
-99
-99
815
-99
600
1094
573
498
275
-99
874
-99
-99
-99
712
-99
358
-99
-99
838
487
-99
241
343
679
382
919
1089
-99
-99
600
529
36
1053
-99
-99
-99
-99
-99
-99
-99
132
-99
-99
-99
539
-99
-99
-99
-99
776
-99
-99
1070
-99
-99
600
1176
-99
-99
342
-99
-99
882
-99
597
-99
-99
172
865
517
-99
376
697
-99
-99
-99
817
-99
901
-99
-99
-99
504
-99
832
-99
-99
813
-99
495
-99
843
554
-99
655
878
679
-99
-99
861
-99
-99
-99
-99
625
-99
581
-99
-99
-99
1067
778
-99
-99
514
461
-99
716
670
-99
-99
-99
472
-99
-99
-99
1080
830
-99
291
521
1129
-99
815
612
667
-99
-99
1051
478
670
-99
-99
915
512
-99
1062
-99
913
1093
-99
-99
27
511
769
-99
513
-99
489
346
-99
-99
-99
-99
-99
698
683
-99
-99
993
305
-99
-99
-99
748
-99
-99
202
-99
-99
-99
-99
1065
560
-99
-99
-99
1022
-99
-99
-99
543
635
620
838
-99
-99
581
754
940
-99
1166
-99
524
-99
693
-99
-99
-99
-99
364
-99
394
-99
789
546
786
600
-99
-99
-99
648
-99
953
-99
-99
-99
997
-99
1114
956
600
784
-99
895
-99
831
-99
-99
128
1196
-99
187
843
558
-99
469
-99
363
673
-99
900
954
758
-99
-99
805
100
-99
-99
294
651
-99
740
756
981
-99
-99
585
-99
335
941
630
-99
568
-99
779
-99
851
-99
775
-99
-99
711
428
1150
606
-99
1000
-99
-99
865
600
-99
-99
638
-99
-99
-99
-99
-99
-99
-99
-99
711
917
-99
554
794
-99
605
-99
793
-99
-99
646
23
418
-99
-99
-99
-99
720
-99
842
396
-99
-99
-99
588
747
1161
-99
796
-99
-99
-99
841
-99
1110
-99
474
570
926
1128
789
-99
-99
1102
-99
-99
375
-99
617
743
-99
-99
607
-99
814
955
-99
-99
-99
606
-99
-99
698
668
-99
-99
773
-99
-99
-99
-99
-99
223
898
-99
678
975
1127
-99
600
589
-99
-99
769
916
-99
889
-99
764
-99
-99
-99
744
-99
346
-99
-99
743
531
-99
-99
-99
-99
56
1058
551
702
-99
915
570
289
540
-99
-99
-99
790
-99
-99
901
600
689
443
-99
-99
674
1057
-99
-99
1115
-99
-99
644
-99
600
-99
820
-99
334
758
670
-99
-99
457
-99
-99
-99
941
-99
1045
-99
-99
792
696
-99
529
1145
-99
-99
743
600
476
-99
-99
-99
856
1093
-99
-99
-99
-99
1060
-99
-99
-99
925
-99
-99
-99
617
724
1036
-99
436
721
-99
786
620
505
-99
977
904
652
752
154
-99
477
600
-99
-99
924
-99
997
756
-99
547
-99
1136
-99
333
-99
-99
-99
-99
-99
707
653
-99
-99
513
571
626
362
238
-99
-99
489
829
-99
-99
792
-99
156
280
426
542
-99
-99
600
557
-99
-99
283
-99
791
-99
-99
750
954
822
-99
-99
-99
1108
691
-99
777
-99
-99
-99
-99
-99
303
-99
-99
735
-99
-99
726
-99
-99
-99
306
701
465
910
-99
716
734
469
-99
-99
757
199
917
324
-99
-99
-99
600
-99
-99
723
1094
-99
49
623
436
680
304
-99
-99
-99
-99
-99
-99
878
-99
608
1094
544
-99
638
918
851
882
995
612
713
-99
632
930
1070
480
485
-99
585
-99
420
-99
268
459
-99
-99
831
1118
718
527
-99
-99
-99
614
-99
850
1092
-99
-99
-99
-99
130
-99
-99
151
709
777
886
-99
-99
391
914
581
-99
1183
202
409
-99
-99
-99
-99
756
-99
655
416
-99
968
-99
517
-99
170
-99
726
1064
-99
-99
-99
304
-99
1112
1099
584
-99
-99
-99
-99
-99
359
695
1116
-99
-99
498
-99
903
508
495
-99
741
909
994
-99
628
-99
270
857
1077
1127
-99
-99
-99
600
482
-99
463
-99
387
509
148
-99
-99
-99
-99
632
717
451
418
913
-99
783
-99
-99
-99
756
-99
445
-99
1118
760
854
716
-99
-99
-99
-99
-99
-99
582
827
768
1034
728
133
-99
545
1036
339
420
-99
-99
558
-99
408
-99
680
-99
-99
595
-99
-99
998
-99
450
-99
-99
655
-99
848
-99
1142
-99
-99
732
569
-99
-99
454
-99
906
1075
-99
268
-99
-99
-99
641
1104
-99
-99
541
-99
1152
-99
1014
791
564
1027
-99
-99
704
929
436
-99
-99
1040
-99
-99
1107
1141
801
1138
-99
545
625
-99
600
-99
701
-99
1076
-99
-99
1108
-99
-99
75
377
695
-99
1157
-99
-99
45
593
469
617
765
590
340
-99
600
365
816
-99
1115
-99
332
-99
494
-99
279
1008
-99
-99
-99
-99
-99
489
-99
309
248
982
600
-99
-99
531
-99
545
-99
1033
907
573
329
618
1096
603
986
762
-99
548
-99
-99
-99
502
645
515
229
-99
-99
267
777
-99
-99
-99
1085
-99
465
-99
988
499
-99
822
1060
845
899
784
-99
376
985
-99
-99
1012
-99
1114
-99
604
1046
-99
-99
-99
-99
-99
742
670
-99
372
-99
-99
310
-99
499
790
-99
-99
212
787
-99
848
-99
-99
-99
-99
-99
-99
485
1117
356
585
-99
-99
410
957
-99
537
352
388
-99
724
1000
217
1042
739
724
588
963
-99
918
734
-99
-99
-99
516
761
-99
-99
-99
364
717
-99
-99
-99
-99
-99
737
-99
-99
968
878
753
-99
-99
-99
-99
1066
-99
-99
-99
-99
161
812
507
-99
666
374
674
-99
584
-99
1141
248
631
-99
-99
1057
930
-99
-99
-99
-99
-99
431
235
-99
-99
952
671
964
637
338
-99
-99
-99
705
-99
622
1128
-99
-99
-99
-99
790
-99
-99
302
-99
129
518
600
-99
-99
226
-99
512
1119
1157
-99
-99
-99
-99
644
-99
-99
239
-99
734
-99
-99
443
-99
875
-99
1119
-99
873
627
623
969
857
-99
-99
474
-99
507
-99
-99
-99
-99
-99
688
355
700
379
-99
369
639
-99
-99
625
-99
472
-99
1188
-99
-99
571
-99
394
-99
-99
600
187
-99
679
429
-99
746
-99
320
-99
600
756
630
-99
496
719
382
-99
693
616
49
-99
832
-99
407
-99
-99
920
-99
-99
1180
-99
-99
-99
-99
566
303
366
-99
-99
695
618
539
1143
-99
177
459
535
-99
669
-99
774
310
-99
186
452
639
-99
834
380
-99
-99
1147
1011
-99
-99
-99
903
-99
517
-99
-99
893
398
485
-99
-99
-99
-99
582
503
591
524
202
-99
-99
-99
826
257
-99
-99
-99
790
-99
-99
-99
-99
-99
627
571
-99
898
43
-99
630
-99
-99
-99
37
602
-99
592
535
-99
1075
964
1133
472
-99
-99
708
-99
-99
867
-99
-99
348
1028
-99
-99
1054
784
-99
-99
-99
-99
168
520
-99
229
-99
-99
583
-99
-99
-99
-99
-99
-99
-99
674
-99
570
-99
-99
119
801
-99
-99
-99
-99
-99
-99
-99
-99
-99
600
-99
-99
495
168
-99
-99
529
-99
-99
411
-99
429
198
-99
367
1110
903
-99
-99
-99
687
-99
657
-99
490
617
-99
-99
954
598
-99
792
-99
-99
-99
-99
-99
896
924
430
-99
-99
127
617
-99
571
-99
52
631
517
-99
-99
699
1144
-99
392
978
531
-99
-99
-99
-99
-99
639
1097
727
1132
642
-99
-99
331
-99
1124
142
-99
-99
-99
-99
-99
-99
-99
1018
-99
-99
337
435
-99
-99
967
-99
806
949
600
-99
787
-99
-99
-99
-99
-99
-99
-99
-99
-99
457
1114
600
1029
-99
80
373
-99
-99
-99
-99
-99
136
-99
377
1000
-99
205
92
950
814
-99
-99
863
721
-99
-99
1049
463
814
485
554
-99
862
604
-99
757
879
848
711
-99
-99
1144
254
514
783
1083
-99
-99
644
697
838
-99
353
656
279
503
396
-99
-99
251
666
-99
1129
-99
539
-99
-99
-99
600
301
-99
728
-99
106
935
-99
-99
-99
-99
764
-99
-99
-99
509
-99
-99
-99
612
1118
-99
149
727
725
480
-99
27
744
348
-99
-99
-99
-99
-99
-99
-99
236
-99
-99
1147
717
-99
-99
212
-99
-99
521
-99
457
-99
-99
-99
-99
739
-99
-99
-99
495
-99
368
419
-99
-99
-99
-99
-99
316
-99
1190
886
443
-99
-99
-99
-99
578
-99
-99
630
-99
461
1118
645
693
-99
-99
-99
748
1120
-99
-99
661
1137
292
379
-99
514
586
686
791
376
-99
-99
-99
799
359
759
-99
1162
1019
600
577
865
-99
-99
-99
-99
-99
829
-99
-99
416
153
-99
-99
665
-99
-99
-99
501
737
-99
1109
757
1200
-99
-99
620
427
-99
282
-99
809
-99
912
1015
-99
-99
-99
1157
-99
-99
670
-99
-99
-99
-99
595
-99
-99
334
1064
-99
-99
-99
-99
408
-99
-99
1165
-99
891
-99
-99
1010
1109
569
-99
72
-99
558
154
-99
565
325
834
-99
-99
-99
-99
732
1134
65
-99
-99
1103
919
-99
804
974
1152
-99
-99
-99
-99
-99
-99
-99
71
-99
443
480
441
-99
555
-99
408
931
-99
-99
-99
886
465
69
-99
-99
556
-99
524
503
-99
336
733
-99
589
721
925
-99
-99
-99
-99
-99
970
840
-99
-99
600
567
327
863
-99
1145
1063
403
342
524
1120
646
-99
1057
-99
-99
-99
-99
-99
413
-99
605
-99
-99
1074
751
34
-99
-99
695
1055
-99
625
567
210
-99
-99
-99
-99
1104
-99
1122
-99
-99
805
669
414
755
-99
-99
-99
649
549
861
600
-99
731
452
-99
224
-99
-99
-99
-99
-99
-99
590
516
1075
-99
350
173
-99
-99
525
-99
854
-99
-99
973
590
1142
-99
-99
445
-99
-99
-99
406
-99
-99
533
-99
626
589
-99
-99
-99
-99
1010
-99
-99
-99
532
546
377
963
-99
914
-99
718
654
633
-99
489
-99
568
-99
-99
-99
617
1015
194
346
201
354
1111
-99
-99
-99
733
-99
162
-99
-99
831
-99
-99
562
1190
-99
404
-99
-99
-99
-99
748
636
-99
949
-99
-99
866
-99
173
138
-99
-99
-99
-99
538
600
452
982
729
806
930
-99
263
587
793
318
-99
640
218
-99
-99
898
875
717
600
-99
-99
959
722
-99
-99
375
-99
260
805
691
-99
-99
376
-99
-99
892
817
-99
-99
-99
633
-99
442
-99
649
371
-99
-99
-99
905
-99
253
-99
717
-99
982
1054
-99
-99
-99
-99
-99
-99
1192
1080
1092
-99
993
1174
939
-99
-99
-99
-99
888
880
-99
793
578
946
62
848
-99
-99
546
-99
929
-99
-99
-99
-99
636
-99
783
322
-99
992
-99
1175
-99
-99
752
-99
-99
967
571
701
732
-99
1100
-99
-99
851
235
-99
-99
689
-99
-99
-99
963
711
-99
-99
-99
-99
222
721
600
-99
484
-99
-99
993
798
-99
-99
-99
416
-99
400
334
-99
585
-99
554
641
910
708
75
-99
351
-99
969
570
906
-99
-99
-99
-99
-99
1107
-99
-99
-99
658
186
-99
559
-99
317
-99
258
559
248
879
-99
-99
920
-99
689
648
450
-99
71
174
-99
-99
483
-99
-99
-99
-99
-99
65
-99
-99
-99
912
-99
597
-99
637
437
-99
767
944
363
-99
-99
-99
343
-99
-99
-99
-99
-99
1146
989
-99
541
614
-99
730
608
610
-99
532
-99
-99
-99
-99
-99
-99
940
-99
-99
579
-99
600
1119
782
-99
660
878
-99
143
642
-99
-99
328
805
-99
-99
1124
-99
-99
1115
1123
-99
269
583
-99
200
286
24
495
814
960
-99
-99
-99
-99
705
181
600
-99
-99
108
1165
-99
-99
-99
-99
-99
-99
-99
877
944
-99
248
-99
1134
-99
-99
881
361
504
688
-99
1114
-99
765
-99
1134
-99
1042
-99
315
546
603
-99
1132
850
-99
-99
507
1125
-99
-99
-99
-99
-99
652
-99
812
-99
107
-99
-99
-99
745
-99
702
959
1180
746
1162
542
306
-99
-99
-99
-99
645
242
512
-99
-99
-99
-99
-99
-99
-99
-99
568
-99
658
-99
425
-99
-99
996
-99
436
-99
-99
-99
-99
680
112
-99
-99
825
-99
-99
-99
781
-99
-99
1083
-99
338
-99
438
-99
408
-99
656
198
819
-99
-99
-99
270
-99
-99
907
363
-99
675
1166
-99
437
573
-99
-99
581
-99
883
-99
-99
-99
-99
657
1030
-99
-99
-99
1072
590
-99
949
280
317
-99
557
-99
434
362
-99
830
1021
867
-99
927
230
907
847
-99
-99
606
835
322
812
372
656
-99
949
-99
693
550
-99
-99
-99
-99
-99
600
-99
599
686
899
-99
562
-99
256
-99
-99
-99
266
735
-99
672
993
-99
-99
113
-99
-99
-99
585
376
872
735
493
-99
462
-99
317
541
-99
-99
463
575
818
-99
-99
1095
-99
-99
-99
340
307
-99
880
-99
1093
-99
-99
739
1116
868
1094
600
681
-99
163
-99
1045
-99
-99
892
-99
-99
383
-99
-99
-99
528
-99
-99
-99
-99
-99
-99
510
-99
-99
-99
196
-99
285
26
682
-99
702
-99
600
367
157
-99
-99
-99
-99
-99
-99
-99
435
25
600
-99
193
-99
-99
973
635
-99
-99
-99
803
-99
-99
1178
-99
802
546
-99
609
-99
-99
971
-99
-99
759
-99
-99
1092
465
-99
1063
-99
-99
667
895
1059
-99
-99
1049
-99
805
-99
-99
557
321
-99
306
-99
589
-99
-99
473
956
986
762
158
939
600
421
397
-99
-99
-99
600
107
398
-99
357
804
1030
447
-99
-99
-99
-99
-99
-99
-99
-99
-99
1161
305
984
342
-99
-99
716
720
1102
-99
478
600
-99
1094
-99
237
254
1107
-99
772
-99
-99
-99
825
-99
-99
1134
-99
584
-99
-99
-99
-99
-99
1085
-99
-99
-99
-99
-99
529
621
36
-99
755
-99
-99
-99
-99
-99
-99
-99
-99
600
-99
-99
-99
874
-99
75
519
-99
-99
-99
-99
-99
1146
587
1074
-99
709
-99
421
-99
931
770
-99
-99
-99
-99
-99
-99
-99
831
-99
656
-99
465
-99
-99
204
877
557
-99
-99
269
-99
283
-99
685
638
783
1108
-99
782
797
140
621
-99
-99
146
612
-99
684
-99
866
-99
-99
407
-99
687
-99
-99
607
971
-99
800
45
-99
-99
-99
-99
-99
477
-99
-99
-99
894
1125
600
294
571
852
-99
-99
-99
712
771
-99
411
480
1101
496
-99
1053
-99
753
1027
1165
-99
-99
-99
608
434
-99
1110
-99
-99
-99
530
-99
957
894
-99
-99
645
-99
166
-99
-99
-99
-99
-99
1043
-99
177
656
511
-99
-99
1079
-99
-99
-99
609
461
-99
245
-99
-99
26
699
1116
724
388
527
-99
-99
1076
979
600
630
-99
683
-99
531
1176
775
-99
647
600
-99
744
601
-99
-99
1139
-99
537
-99
891
-99
1016
794
704
-99
-99
665
-99
881
-99
817
769
-99
662
249
710
-99
28
-99
-99
-99
545
-99
756
879
623
136
-99
600
-99
-99
-99
-99
1049
-99
-99
896
761
761
338
384
-99
1175
-99
-99
393
674
186
602
671
-99
-99
1118
-99
620
-99
748
902
-99
-99
600
1181
-99
565
507
600
894
607
607
-99
-99
-99
-99
-99
-99
-99
-99
41
-99
-99
599
682
584
-99
-99
-99
-99
-99
666
-99
-99
-99
638
-99
-99
-99
-99
-99
1146
-99
-99
-99
1042
-99
-99
888
926
-99
-99
448
820
-99
605
912
-99
131
304
-99
-99
-99
-99
-99
-99
1100
978
824
-99
494
-99
-99
-99
238
-99
167
-99
725
-99
-99
-99
-99
797
-99
1007
-99
941
1022
116
-99
163
166
-99
874
1110
-99
429
617
451
673
918
-99
649
-99
-99
732
600
680
698
-99
568
575
-99
409
-99
871
-99
-99
-99
-99
-99
-99
-99
-99
803
-99
-99
339
-99
1175
-99
-99
-99
-99
614
1118
1030
403
-99
386
410
-99
790
882
-99
-99
-99
-99
-99
-99
-99
-99
1063
-99
-99
345
247
673
882
-99
-99
-99
697
713
-99
628
610
-99
1039
208
-99
276
1053
-99
-99
-99
714
690
530
160
573
-99
343
1035
-99
457
726
-99
-99
-99
-99
-99
-99
577
716
-99
-99
648
-99
155
562
-99
-99
-99
127
-99
-99
-99
-99
823
-99
-99
441
-99
866
945
190
-99
100
-99
587
-99
930
589
-99
335
-99
889
-99
719
933
202
600
602
714
547
942
563
-99
687
-99
-99
-99
600
1061
71
-99
-99
-99
-99
-99
1040
-99
548
455
669
446
836
698
-99
-99
-99
-99
-99
768
-99
-99
-99
429
-99
444
-99
-99
-99
-99
-99
591
-99
-99
634
539
-99
-99
-99
-99
348
21
898
886
-99
-99
-99
336
-99
-99
-99
637
-99
-99
600
645
-99
623
672
-99
-99
-99
-99
-99
-99
-99
-99
766
511
-99
-99
-99
-99
774
126
130
929
368
1052
-99
541
913
600
596
562
424
390
1002
600
223
-99
-99
-99
378
725
605
-99
-99
419
717
470
-99
-99
219
636
945
176
606
-99
-99
-99
637
692
330
-99
-99
769
-99
664
485
910
583
583
610
-99
-99
-99
855
-99
202
-99
1054
-99
743
-99
-99
555
1101
-99
-99
435
-99
-99
-99
-99
-99
-99
-99
-99
-99
-99
-99
-99
-99
-99
819
-99
-99
1026
857
-99
-99
-99
785
-99
-99
473
635
1052
-99
514
-99
-99
-99
-99
-99
343
-99
-99
-99
911
648
-99
-99
360
596
806
493
397
1127
464
657
586
-99
600
-99
502
1144
666
-99
-99
-99
567
640
668
598
600
969
-99
-99
-99
-99
-99
-99
-99
828
474
-99
851
-99
-99
-99
-99
600
757
621
-99
551
-99
916
-99
800
567
699
968
505
1038
-99
743
-99
-99
-99
-99
488
-99
-99
-99
-99
-99
-99
-99
-99
347
935
767
604
953
475
564
-99
-99
208
-99
-99
607
-99
499
-99
-99
1075
879
311
190
711
687
1058
775
-99
1048
645
-99
-99
708
727
364
-99
690
1148
-99
740
-99
-99
436
114
-99
-99
500
1174
-99
-99
-99
589
-99
-99
-99
363
-99
-99
39
967
764
843
44
897
-99
845
625
695
-99
709
690
-99
-99
-99
-99
-99
-99
963
1027
-99
-99
623
-99
-99
559
-99
-99
-99
928
568
-99
1143
-99
636
-99
